0.235066261950749 40.647525237628884
0.237821082456833 40.649973966967821
0.25144899786028 40.654673248141819
0.260377632090126 40.657962744963584
0.269306266320143 40.660312385550583
0.281054469254002 40.662662026137582
0.294212456540038 40.66454173860717
0.305490731356713 40.667831235428935
0.312069724999731 40.670650804133118
0.317708862407926 40.676289941541881
0.321938215464172 40.68098922271588
0.325142368139097 40.683816416252739
0.329926993459196 40.68803814447682
0.334626274632626 40.692267497533237
0.339325555806283 40.700256275528943
0.348724118153314 40.709654837876712
0.355303111796161 40.718113543989887
0.364701674143021 40.724222609515834
0.37569560142731 40.732211387511597
0.38791373247841 40.74254980609436
0.396737911069238 40.751373984685927
0.396842366692738 40.751612420349488
0.400601791631232 40.760071126462606
0.402951432217833 40.76618019198861
0.402951432217662 40.773699041866962
0.402951432217492 40.787796885388673
0.40248150409991 40.801894728910213
0.404831144686398 40.811293291257982
0.408120641507423 40.823041494192921
0.413759778915335 40.831030272188514
0.421278628792436 40.84183861888863
0.42691776620012 40.849693416860475
0.430677191138614 40.861441619795244