0.638202669161675 40.934202156640083
0.632015282283604 40.955897171392849
0.626376144875934 40.967645374327518
0.617447510647234 40.980803361614321
0.616507654412663 40.980803361614313
0.606169235832018 40.996310989488073
0.601000026541587 41.008059192422742
0.598180457837659 41.016517898535724
0.597710529720099 41.028266101470464
0.59583081725071 41.038604520053042
0.595360889133239 41.046593298048684
0.597240601602178 41.05552193227912
0.603819595243986 41.063980638392209
0.61415801382393 41.076668697561871